Test Case 1
Input
warehouse = [[1, 1, 1, 1], [1, 0, 1, 1], [1, 1, 0, 1], [1, 1, 1, 1]] start = (0, 0) end = (3, 3)
Test Case 2
Input
warehouse = [[1, 1, 1, 1, 1], [1, 0, 0, 1, 1], [1, 0, 1, 0, 1], [1, 1, 0, 0, 1], [1, 1, 1, 1, 1]] start = (0, 0) end = (4, 4)
Test Case 3
Input
warehouse = [[1, 1, 1, 1, 1], [1, 1, 0, 0, 1], [1, 0, 1, 0, 1], [1, 0, 0, 1, 1], [1, 1, 1, 1, 1]] start = (0, 4) end = (4, 0)
Test Case 4
Input
warehouse = [[1, 1, 1, 1, 1, 1], [1, 0, 1, 0, 1, 1], [1, 1, 0, 1, 0, 1], [1, 0, 1, 0, 1, 1], [1, 1, 0, 1, 0, 1], [1, 1, 1, 1, 1, 1]] start = (0, 0) end = (5, 5)
Test Case 5
Input
warehouse = [[1, 1, 1, 1, 1, 1], [1, 0, 0, 1, 1, 1], [1, 1, 1, 0, 0, 1], [1, 0, 1, 1, 0, 1], [1, 1, 0, 0, 1, 1], [1, 1, 1, 1, 1, 1]] start = (0, 5) end = (5, 0)
Test Case 6
Input
warehouse = [[1, 1, 1, 1, 1, 1, 1], [1, 0, 1, 0, 1, 0, 1], [1, 1, 0, 1, 0, 1, 1], [1, 0, 1, 0, 1, 0, 1], [1, 1, 0, 1, 0, 1, 1], [1, 0, 1, 0, 1, 0, 1], [1, 1, 1, 1, 1, 1, 1]] start = (0, 0) end = (6, 6)
Test Case 7
Input
warehouse = [[1, 1, 1, 1, 1, 1, 1], [1, 1, 0, 1, 0, 1, 1], [1, 0, 1, 0, 1, 0, 1], [1, 1, 0, 1, 0, 1, 1], [1, 0, 1, 1, 1, 0, 1], [1, 1, 0, 0, 1, 1, 1], [1, 1, 1, 1, 1, 1, 1]] start = (0, 6) end = (6, 0)
Test Case 8
Input
warehouse = [[1, 1, 1, 1, 1, 1, 1, 1], [1, 0, 1, 1, 0, 1, 1, 1], [1, 1, 0, 1, 1, 0, 1, 1], [1, 1, 1, 0, 1, 1, 0, 1], [1, 0, 1, 1, 0, 1, 1, 1], [1, 1, 0, 1, 1, 0, 1, 1], [1, 1, 1, 0, 1, 1, 0, 1], [1, 1, 1, 1, 1, 1, 1, 1]] start = (0, 0) end = (7, 7)
Test Case 9
Input
warehouse = [[1, 1, 1, 1, 1, 1, 1, 1], [1, 1, 0, 1, 0, 1, 1, 1], [1, 0, 1, 1, 1, 0, 1, 1], [1, 1, 1, 0, 1, 1, 0, 1], [1, 0, 1, 1, 0, 1, 1, 1], [1, 1, 0, 1, 1, 1, 0, 1], [1, 1, 1, 0, 0, 1, 1, 1], [1, 1, 1, 1, 1, 1, 1, 1]] start = (0, 7) end = (7, 0)
Test Case 10
Input
warehouse = [[1, 1, 1, 1, 1, 1, 1, 1, 1], [1, 0, 1, 0, 1, 0, 1, 0, 1], [1, 1, 0, 1, 1, 1, 0, 1, 1], [1, 0, 1, 1, 0, 1, 1, 0, 1], [1, 1, 0, 0, 1, 1, 0, 1, 1], [1, 0, 1, 1, 1, 0, 1, 0, 1], [1, 1, 1, 0, 1, 1, 1, 1, 1], [1, 0, 1, 1, 0, 1, 0, 1, 1], [1, 1, 1, 1, 1, 1, 1, 1, 1]] start = (0, 0) end = (8, 8)
Test Case 11
Input
warehouse = [[1, 1, 1, 1, 1, 1, 1, 1, 1], [1, 1, 1, 0, 1, 0, 1, 1, 1], [1, 0, 1, 1, 1, 1, 0, 1, 1], [1, 1, 0, 1, 0, 1, 1, 0, 1], [1, 0, 1, 1, 1, 0, 1, 1, 1], [1, 1, 0, 0, 1, 1, 1, 0, 1], [1, 1, 1, 1, 0, 1, 0, 1, 1], [1, 1, 0, 1, 1, 1, 1, 1, 1], [1, 1, 1, 1, 1, 1, 1, 1, 1]] start = (1, 1) end = (7, 7)
Test Case 12
Input
warehouse = [[1, 1, 1, 1, 1, 1, 1, 1, 1, 1], [1, 0, 1, 0, 1, 0, 1, 0, 1, 1], [1, 1, 0, 1, 1, 1, 0, 1, 1, 1], [1, 0, 1, 1, 0, 1, 1, 0, 1, 1], [1, 1, 1, 0, 1, 1, 0, 1, 0, 1], [1, 0, 1, 1, 1, 0, 1, 1, 1, 1], [1, 1, 0, 0, 1, 1, 1, 0, 1, 1], [1, 0, 1, 1, 0, 1, 0, 1, 1, 1], [1, 1, 1, 0, 1, 1, 1, 1, 0, 1], [1, 1, 1, 1, 1, 1, 1, 1, 1, 1]] start = (0, 0) end = (9, 9)
Test Case 13
Input
warehouse = [[1, 1, 1, 1, 1, 1, 1, 1], [1, 0, 1, 0, 1, 1, 0, 1], [1, 1, 0, 1, 0, 1, 1, 1], [1, 0, 1, 1, 1, 0, 1, 1], [1, 1, 1, 0, 1, 1, 0, 1], [1, 1, 1, 1, 1, 1, 1, 1]] start = (0, 0) end = (5, 7)
Test Case 14
Input
warehouse = [[1, 1, 1, 1, 1, 1], [1, 0, 1, 0, 1, 1], [1, 1, 0, 1, 1, 1], [1, 0, 1, 1, 0, 1], [1, 1, 1, 0, 1, 1], [1, 0, 1, 1, 1, 1], [1, 1, 0, 1, 0, 1], [1, 1, 1, 1, 1, 1]] start = (0, 0) end = (7, 5)
Test Case 15
Input
warehouse = [[1, 1, 1, 1, 1, 1, 1, 1, 1, 1], [1, 0, 1, 0, 1, 0, 1, 0, 1, 1], [1, 1, 0, 1, 1, 1, 0, 1, 1, 1], [1, 0, 1, 1, 0, 1, 1, 0, 1, 1], [1, 1, 1, 1, 1, 1, 1, 1, 1, 1]] start = (0, 0) end = (4, 9)
Test Case 16
Input
warehouse = [[1, 1, 1, 1, 1], [1, 0, 1, 0, 1], [1, 1, 0, 1, 1], [1, 0, 1, 1, 1], [1, 1, 1, 0, 1], [1, 0, 1, 1, 1], [1, 1, 0, 1, 1], [1, 0, 1, 0, 1], [1, 1, 1, 1, 1], [1, 1, 1, 1, 1]] start = (0, 0) end = (9, 4)
Test Case 17
Input
warehouse = [[1, 1, 1, 1, 1, 1, 1, 1, 1], [1, 0, 1, 0, 1, 1, 0, 1, 1], [1, 1, 0, 1, 0, 1, 1, 1, 1], [1, 0, 1, 1, 1, 0, 1, 0, 1], [1, 1, 1, 0, 1, 1, 0, 1, 1], [1, 0, 1, 1, 0, 1, 1, 1, 1], [1, 1, 1, 1, 1, 1, 1, 1, 1]] start = (0, 0) end = (6, 8)
Test Case 18
Input
warehouse = [[1, 1, 1, 1, 1, 1, 1], [1, 0, 1, 0, 1, 0, 1], [1, 1, 0, 1, 1, 1, 1], [1, 0, 1, 1, 0, 1, 1], [1, 1, 1, 0, 1, 1, 1], [1, 0, 1, 1, 1, 0, 1], [1, 1, 0, 1, 0, 1, 1], [1, 0, 1, 1, 1, 1, 1], [1, 1, 1, 1, 1, 1, 1]] start = (0, 0) end = (8, 6)
Test Case 19
Input
warehouse = [[1, 1, 1, 1, 1, 1, 1, 1, 1, 1], [1, 0, 1, 1, 0, 1, 1, 0, 1, 1], [1, 1, 0, 1, 1, 0, 1, 1, 1, 1], [1, 0, 1, 1, 0, 1, 1, 0, 1, 1], [1, 1, 1, 0, 1, 1, 0, 1, 1, 1], [1, 0, 1, 1, 1, 0, 1, 1, 0, 1], [1, 1, 0, 1, 0, 1, 1, 0, 1, 1], [1, 0, 1, 1, 1, 1, 0, 1, 1, 1], [1, 1, 1, 0, 1, 1, 1, 1, 0, 1], [1, 1, 1, 1, 1, 1, 1, 1, 1, 1]] start = (0, 9) end = (9, 0)
Test Case 20
Input
warehouse = [[1, 1, 1, 1, 1, 1, 1, 1, 1, 1, 1, 1], [1, 0, 1, 0, 1, 0, 1, 0, 1, 0, 1, 1], [1, 1, 0, 1, 1, 1, 0, 1, 1, 1, 0, 1], [1, 0, 1, 1, 0, 1, 1, 0, 1, 1, 1, 1], [1, 1, 1, 0, 1, 1, 0, 1, 0, 1, 1, 1], [1, 0, 1, 1, 1, 0, 1, 1, 1, 0, 1, 1], [1, 1, 0, 0, 1, 1, 1, 0, 1, 1, 0, 1], [1, 0, 1, 1, 0, 1, 0, 1, 1, 1, 1, 1], [1, 1, 1, 0, 1, 1, 1, 1, 0, 1, 0, 1], [1, 0, 1, 1, 1, 0, 1, 0, 1, 1, 1, 1], [1, 1, 0, 1, 0, 1, 1, 1, 1, 0, 1, 1], [1, 1, 1, 1, 1, 1, 1, 1, 1, 1, 1, 1]] start = (0, 0) end = (11, 11)
